Station1:
[((20, 0.5), (25, 2)), ((50, 1), (60, 2)), ((1000, 10), (1500, 30)), ((200, 10), (400, 20)), ((1, 0), (0, 0))]

Station2:
[((20, 0.5), (25, 2)), ((50, 1), (60, 2)), ((1200, 10), (1700, 10)),  ((200, 10), (400, 20)), ((1, 0), (0, 0)), ((50,  0.5), (50, 2)),((100, 10), (100, 10)),((100, 10), (100, 10)),((100, 10), (100,10))]

Station3:
[((20, 0.5), (25, 1)), ((50, 1), (60, 2)), ((2000, 10), (3500, 10)), ((200, 10), (400, 20)), ((1, 0), (0, 0)), ((90, 1), (50, 3)), ((10, 0.35), (10, 0.5)), ((45, 0.1), (100, 20)), ((90, 2), (50, 5)), ((400, 10), (200, 20))]

Station4:
[((20, 0.5), (25, 2)), ((50, 1), (60, 2)), ((1000, 10), (1500, 30)), ((200, 10), (400, 20)), ((1, 0), (0, 0))]

Station5:
[((20, 0.5), (25, 2)), ((50, 1), (60, 2)), ((1300, 10), (1800, 10)),  ((200, 10), (400, 20)), ((1, 0), (0, 0)), ((100, 10), (100, 10)),((100, 10), (100, 10)),((100, 10), (100,10))]
